Accl:      9.996     0.362     0.167    10.004

Compass:    111.9     -1.0     87.9
Rotation:   -0.15012   -0.68667   -0.15966
Magnetic:    -46.992    20.616     8.190    51.965

Rotation Matrix:
   0.00599    0.42751   -0.90399 
  -0.01517    0.90394    0.42738 
   0.99987    0.01115    0.01191 
longitude = -122.437620
lattitude = 37.790207
altitude = 24.63
accuracy = 6.00

accuAcc: 3    accuMag: 3    accuRot: 3

aveFrm = 10    sensorDelay = 1
