Accl:      8.899     0.279     3.970     9.748

Compass:   -178.8    -24.0     88.2
Rotation:   -0.37815   -0.40988   -0.60148
Magnetic:    -46.416    -1.956     5.490    46.780

Rotation Matrix:
  -0.05956    0.99813   -0.01402 
  -0.37814   -0.00956    0.92570 
   0.92383    0.06043    0.37800 
longitude = -122.437439
lattitude = 37.790374
altitude = 37.44
accuracy = 8.00

accuAcc: 3    accuMag: 3    accuRot: 3

aveFrm = 10    sensorDelay = 1
