Accl:      9.699     0.288     1.445     9.810

Compass:    138.2     -8.5     88.3
Rotation:   -0.24013   -0.61339   -0.31270
Magnetic:    -44.040    12.528     9.126    46.688

Rotation Matrix:
   0.05195    0.72258   -0.68934 
  -0.13340    0.68910    0.71228 
   0.98970    0.05496    0.13219 
longitude = -122.437439
lattitude = 37.790374
altitude = 32.27
accuracy = 8.00

accuAcc: 3    accuMag: 3    accuRot: 3

aveFrm = 10    sensorDelay = 1
