Accl:      9.032     0.459     3.396     9.661

Compass:    -82.6    -20.6     87.1
Rotation:    0.56804   -0.04044    0.81864
Magnetic:    -38.982   -25.560   -18.378    50.106

Rotation Matrix:
  -0.34363   -0.16757    0.92403 
   0.07568   -0.98569   -0.15061 
   0.93605    0.01817    0.35139 
longitude = -122.439184
lattitude = 37.790081
altitude = 34.00
accuracy = 6.00

accuAcc: 3    accuMag: 3    accuRot: 3

aveFrm = 10    sensorDelay = 1
