Accl:      9.380     0.412     2.786     9.794

Compass:    105.3    -16.5     87.5
Rotation:   -0.06230   -0.59693   -0.13728
Magnetic:    -42.978    21.924    -5.658    48.578

Rotation Matrix:
   0.24965    0.29074   -0.92366 
  -0.14198    0.95454    0.26208 
   0.95787    0.06571    0.27958 
longitude = -122.437548
lattitude = 37.790163
altitude = 24.89
accuracy = 6.00

accuAcc: 3    accuMag: 3    accuRot: 3

aveFrm = 10    sensorDelay = 1
